redisTime     nowTime
1551330274.785446     1551330275.522955
1551330275.797818     1551330276.535175
1551330276.812198     1551330277.557731
1551330277.824552     1551330278.573762
1551330278.841889     1551330279.586246
1551330279.855251     1551330280.601330
1551330280.868597     1551330281.613693
1551330281.882061     1551330282.627667
1551330282.898493     1551330283.641167
1551330283.910954     1551330284.654562
1551330284.925390     1551330285.675774
1551330285.944786     1551330286.694023
1551330286.957246     1551330287.713695
1551330287.971650     1551330288.727330
1551330288.985115     1551330289.754174
1551330289.998536     1551330290.767238
1551330291.12911     1551330291.779453
1551330292.28385     1551330292.792353
1551330293.47816     1551330293.805974
1551330294.69276     1551330294.819808
1551330295.83660     1551330295.833757
1551330296.96107     1551330296.849557
1551330297.121516     1551330297.875885
1551330298.148956     1551330298.898963
1551330299.164411     1551330299.912313
1551330300.176289     1551330300.933499
1551330301.189257     1551330301.946590
1551330302.202266     1551330302.959497
1551330303.215977     1551330304.2700
1551330304.229428     1551330305.14830
1551330305.241851     1551330306.29871
1551330306.256703     1551330307.43404
1551330307.270683     1551330308.56585
1551330308.283029     1551330309.69379
1551330309.305496     1551330310.83076
1551330310.319986     1551330311.98880
1551330311.334678     1551330312.111283
1551330312.352957     1551330313.124987
1551330313.367348     1551330314.139079
1551330314.401684     1551330315.152069
1551330315.415894     1551330316.188360
1551330316.432949     1551330317.200290
1551330317.453989     1551330318.213760
1551330318.468354     1551330319.227641
1551330319.481571     1551330320.241166
1551330320.494722     1551330321.276459
1551330321.509856     1551330322.289379
1551330322.523127     1551330323.303671
1551330323.554978     1551330324.317393
1551330324.570935     1551330325.331703
1551330325.585986     1551330326.345479
1551330326.598987     1551330327.357847
1551330327.617702     1551330328.370371
1551330328.632020     1551330329.384488
1551330329.645581     1551330330.398130
1551330330.658885     1551330331.411278
1551330331.687697     1551330332.423545
1551330332.700963     1551330333.436831
1551330333.716027     1551330334.450337
1551330334.730464     1551330335.463064
1551330335.743617     1551330336.475303
1551330336.758187     1551330337.487618
1551330337.776378     1551330338.500389
1551330338.790828     1551330339.513997
1551330339.804971     1551330340.526724
1551330340.817745     1551330341.541562
1551330341.831785     1551330342.560794
1551330342.845684     1551330343.575294
1551330343.858289     1551330344.588585
1551330344.872077     1551330345.601019
1551330345.887397     1551330346.617120
1551330346.900786     1551330347.630302
1551330347.913891     1551330348.642037
1551330348.928069     1551330349.654548
1551330349.941083     1551330350.685811
1551330350.960507     1551330351.698390
1551330351.975350     1551330352.710850
1551330352.989924     1551330353.726466
1551330354.3958     1551330354.739496
1551330355.18163     1551330355.753099
1551330356.32039     1551330356.765903
1551330357.45462     1551330357.795922
1551330358.57910     1551330358.809689
1551330359.71097     1551330359.823025
1551330360.85334     1551330360.836039
1551330361.99903     1551330361.849325
1551330362.121999     1551330362.881645
1551330363.135398     1551330363.896357
1551330364.155885     1551330364.910312
1551330365.168537     1551330365.926363
1551330366.193032     1551330366.939115
1551330367.215816     1551330367.952964
1551330368.234549     1551330368.966028
1551330369.247919     1551330369.980300
1551330370.261035     1551330370.993959
1551330371.275286     1551330372.6072
1551330372.289186     1551330373.22134
1551330373.300695     1551330374.34930
1551330374.314507     1551330375.48291
1551330375.327578     1551330376.62348
1551330376.344245     1551330377.75304
1551330377.358592     1551330378.88867
1551330378.372528     1551330379.100798
1551330379.393509     1551330380.113369
1551330380.407499     1551330381.126362
1551330381.420806     1551330382.141247
1551330382.434849     1551330383.155435
1551330383.449278     1551330384.168565
1551330384.463723     1551330385.181898
1551330385.476068     1551330386.195444
1551330386.490412     1551330387.208510
1551330387.503665     1551330388.220537
1551330388.515858     1551330389.235314
1551330389.529400     1551330390.247916
1551330390.546842     1551330391.263261
1551330391.560569     1551330392.277530
1551330392.581017     1551330393.291097
1551330393.593361     1551330394.305927
1551330394.608720     1551330395.318909
1551330395.621150     1551330396.332702
1551330396.633347     1551330397.346437
1551330397.646416     1551330398.359709
1551330398.659760     1551330399.372983
1551330399.689394     1551330400.386140
1551330400.702440     1551330401.400570
1551330401.717299     1551330402.413786
1551330402.737065     1551330403.427478
1551330403.751383     1551330404.441027
1551330404.764247     1551330405.454334
1551330405.778064     1551330406.469573
1551330406.792533     1551330407.483831
1551330407.806061     1551330408.497100
1551330408.819002     1551330409.509421
1551330409.833460     1551330410.521949
1551330410.846975     1551330411.535255
1551330411.861964     1551330412.548450
1551330412.879482     1551330413.562790
1551330413.893187     1551330414.575809
1551330414.906157     1551330415.588060
1551330415.919443     1551330416.601480
1551330416.933997     1551330417.616206
1551330417.946454     1551330418.628932
1551330418.960856     1551330419.641289
1551330419.972896     1551330420.653598
1551330420.986279     1551330421.669795
1551330422.11484     1551330422.683176
1551330423.36272     1551330423.695364
1551330424.49509     1551330424.709058
1551330425.63288     1551330425.742994
1551330426.75773     1551330426.756199
1551330427.94917     1551330427.769017
1551330428.108087     1551330428.783136
1551330429.121745     1551330429.795849
1551330430.134787     1551330430.817602
1551330431.149617     1551330431.829549
1551330432.174969     1551330432.843651
1551330433.190086     1551330433.858364
1551330434.203031     1551330434.873136
1551330435.217761     1551330435.887070
1551330436.230939     1551330436.899065
1551330437.244467     1551330437.912942
1551330438.256391     1551330438.927772
1551330439.269052     1551330439.951047
1551330440.283194     1551330440.965616
1551330441.298331     1551330441.979862
1551330442.322106     1551330442.995224
1551330443.336071     1551330444.9223
1551330444.351041     1551330445.24338
1551330445.364884     1551330446.52000
1551330446.378984     1551330447.66420
1551330447.392827     1551330448.83156
1551330448.406506     1551330449.95074
1551330449.420650     1551330450.109601
1551330450.440930     1551330451.125651
1551330451.454375     1551330452.138850
1551330452.467596     1551330453.153841
1551330453.481234     1551330454.167567
1551330454.498262     1551330455.180311
1551330455.512822     1551330456.195731
1551330456.526893     1551330457.208879
1551330457.541511     1551330458.223631
1551330458.554072     1551330459.239805
1551330459.570018     1551330460.252595
1551330460.583140     1551330461.270253
1551330461.596124     1551330462.284036
1551330462.610842     1551330463.297974
1551330463.631707     1551330464.312094
1551330464.644863     1551330465.325613
1551330465.656818     1551330466.340072
1551330466.681870     1551330467.353469
1551330467.696014     1551330468.368313
1551330468.710106     1551330469.381530
1551330469.723220     1551330470.420125
1551330470.736432     1551330471.433449
1551330471.771299     1551330472.464218
1551330472.784261     1551330473.478358
1551330473.798248     1551330474.491149
1551330474.811193     1551330475.504460
1551330475.824178     1551330476.521746
1551330476.837343     1551330477.534492
1551330477.851614     1551330478.554386
1551330478.864625     1551330479.569315
1551330479.878406     1551330480.582910
1551330480.891455     1551330481.597520
1551330481.906283     1551330482.624237
1551330482.918815     1551330483.638855
1551330483.931355     1551330484.652938
1551330484.950749     1551330485.667266
1551330485.965478     1551330486.702520
1551330486.979785     1551330487.715089
1551330487.992399     1551330488.728808
1551330489.7622     1551330489.742576
1551330490.21930     1551330490.756642
1551330491.37404     1551330491.770169
1551330492.51167     1551330492.783402
1551330493.65716     1551330493.797599
1551330494.78791     1551330494.820284
1551330495.91815     1551330495.833632
1551330496.104467     1551330496.847758
1551330497.116564     1551330497.861022
1551330498.131709     1551330498.874836
1551330499.146031     1551330499.888872
1551330500.158478     1551330500.901854
1551330501.171947     1551330501.915837
1551330502.185613     1551330502.928282
1551330503.199129     1551330503.941917
1551330504.212707     1551330504.955836
1551330505.226126     1551330505.968665
1551330506.238701     1551330506.982640
1551330507.251213     1551330507.995272
1551330508.269361     1551330509.7493
1551330509.284403     1551330510.20209
1551330510.298360     1551330511.33386
1551330511.311089     1551330512.47170
1551330512.327409     1551330513.61473
1551330513.340799     1551330514.75509
1551330514.354380     1551330515.91094
1551330515.368993     1551330516.104675
1551330516.385115     1551330517.118978
1551330517.400187     1551330518.131408
1551330518.413167     1551330519.144360
1551330519.426149     1551330520.158747
1551330520.439874     1551330521.173628
1551330521.456771     1551330522.187642
1551330522.469750     1551330523.200247
1551330523.481988     1551330524.214118
1551330524.498049     1551330525.227388
1551330525.512671     1551330526.247235
1551330526.526384     1551330527.262322
1551330527.540838     1551330528.274877
1551330528.553679     1551330529.288092
1551330529.567728     1551330530.302573
1551330530.580994     1551330531.317886
1551330531.594861     1551330532.332201
1551330532.610392     1551330533.346211
1551330533.623837     1551330534.360089
1551330534.636315     1551330535.372692
1551330535.666881     1551330536.385299
1551330536.680845     1551330537.398470
1551330537.694581     1551330538.412292
1551330538.708671     1551330539.427252
1551330539.721975     1551330540.440528
1551330540.734869     1551330541.452790
1551330541.748379     1551330542.466394
1551330542.761556     1551330543.479420
1551330543.778371     1551330544.491919
1551330544.791094     1551330545.504728
1551330545.804725     1551330546.522359
1551330546.818059     1551330547.535791
1551330547.832634     1551330548.564674
1551330548.847236     1551330549.578011
1551330549.862006     1551330550.592423
1551330550.877742     1551330551.605344
1551330551.890807     1551330552.617507
1551330552.903475     1551330553.630825
1551330553.917112     1551330554.643677
1551330554.931007     1551330555.657843
1551330555.944052     1551330556.671180
1551330556.966768     1551330557.685013
1551330557.980096     1551330558.698330
1551330558.994304     1551330559.713197
1551330560.7544     1551330560.726662
1551330561.22302     1551330561.739501
1551330562.36252     1551330562.752538
1551330563.49935     1551330563.765362
1551330564.62910     1551330564.778398
1551330565.77007     1551330565.795940
1551330566.93491     1551330566.809760
1551330567.127502     1551330567.824298
1551330568.152966     1551330568.837121
1551330569.166535     1551330569.851501
1551330570.179405     1551330570.865731
1551330571.194052     1551330571.878683
1551330572.207758     1551330572.891761
1551330573.221181     1551330573.904065
1551330574.235433     1551330574.916695
1551330575.250064     1551330575.930119
1551330576.262259     1551330576.943864
1551330577.292524     1551330577.956976
1551330578.305778     1551330578.971050
1551330579.319865     1551330579.985048
1551330580.331677     1551330580.997820
1551330581.343995     1551330582.10079
1551330582.357056     1551330583.24235
1551330583.370118     1551330584.37123
1551330584.383850     1551330585.50635
1551330585.400399     1551330586.63111
1551330586.413731     1551330587.75692
1551330587.427347     1551330588.109952
1551330588.457766     1551330589.130431
1551330589.490987     1551330590.147079
1551330590.509088     1551330591.160525
1551330591.542661     1551330592.174941
1551330592.557031     1551330593.190616
1551330593.569730     1551330594.223925
1551330594.586404     1551330595.237752
1551330595.604244     1551330596.254149
1551330596.617095     1551330597.289481
1551330597.631229     1551330598.301566
1551330598.648433     1551330599.313880
1551330599.923803     1551330600.329940
1551330600.937266     1551330601.364241
1551330601.953270     1551330602.378308
1551330602.967465     1551330603.392372
1551330603.982677     1551330604.404645
1551330604.994940     1551330605.418151
1551330606.8637     1551330606.432219
1551330607.21866     1551330607.446438
1551330608.36582     1551330608.461752
1551330609.48889     1551330609.475315
1551330610.62965     1551330610.488750
1551330611.77309     1551330611.503248
1551330612.90879     1551330612.518287
1551330613.103268     1551330613.530386
1551330614.117012     1551330614.543959
1551330615.131177     1551330615.556992
1551330616.143607     1551330616.570150
1551330617.155805     1551330617.583374
1551330618.168353     1551330618.598351
1551330619.182112     1551330619.610336
1551330620.197204     1551330620.623142
1551330621.210149     1551330621.650961
1551330622.224015     1551330622.662983
1551330623.236484     1551330623.682527
1551330624.248813     1551330624.695619
1551330625.262382     1551330625.709003
1551330626.275887     1551330626.725661
1551330627.291236     1551330627.738277
1551330628.304740     1551330628.751555
1551330629.317235     1551330629.764348
1551330630.330514     1551330630.776924
1551330631.345013     1551330631.797939
1551330632.360652     1551330632.810020
1551330633.373672     1551330633.824651
1551330634.386726     1551330634.836956
1551330635.401166     1551330635.849875
1551330636.413841     1551330636.861621
1551330637.431019     1551330637.875199
1551330638.444868     1551330638.888206
1551330639.458232     1551330639.902817
1551330640.470637     1551330640.915862
1551330641.482684     1551330641.942167
1551330642.516438     1551330642.955946
1551330643.532004     1551330643.970776
1551330644.546195     1551330644.984775
1551330645.560026     1551330645.997007
1551330646.573240     1551330647.9278
1551330647.586700     1551330648.22998
1551330648.599851     1551330649.37815
1551330649.613250     1551330650.52546
1551330650.625929     1551330651.65300
1551330651.646744     1551330652.77525
1551330652.659215     1551330653.92012
1551330653.672470     1551330654.106013
1551330654.696265     1551330655.120133
1551330655.710858     1551330656.138931
1551330656.725212     1551330657.152819
1551330657.743058     1551330658.164933
1551330658.756781     1551330659.176797
1551330659.775771     1551330660.190151
1551330660.791016     1551330661.204253
1551330661.803871     1551330662.218739
1551330662.818024     1551330663.231188
1551330663.840365     1551330664.243910
1551330664.853532     1551330665.258991
1551330665.865854     1551330666.271277
1551330666.879602     1551330667.284825
1551330667.893212     1551330668.306061
1551330668.907351     1551330669.318466
1551330669.921066     1551330670.340665
1551330670.939177     1551330671.355125
1551330671.953301     1551330672.370114
1551330672.967766     1551330673.401731
1551330673.988861     1551330674.415278
1551330675.3812     1551330675.428343
1551330676.19348     1551330676.441707
1551330677.32875     1551330677.456257
1551330678.47346     1551330678.470488
1551330679.59909     1551330679.482727
1551330680.72750     1551330680.499757
1551330681.85727     1551330681.519110
1551330682.98685     1551330682.533651
1551330683.111654     1551330683.547973
1551330684.124527     1551330684.561096
1551330685.138608     1551330685.574306
1551330686.152517     1551330686.588407
1551330687.169524     1551330687.601844
1551330688.182953     1551330688.614580
1551330689.195946     1551330689.628405
1551330690.209508     1551330690.649306
1551330691.221997     1551330691.667324
1551330692.235966     1551330692.695636
1551330693.258806     1551330693.708902
1551330694.271090     1551330694.721767
1551330695.283608     1551330695.735798
1551330696.296605     1551330696.749689
1551330697.310857     1551330697.762678
1551330698.326551     1551330698.774345
1551330699.342991     1551330699.788404
1551330700.356396     1551330700.806532
1551330701.370213     1551330701.828061
1551330702.385531     1551330702.840665
1551330703.400429     1551330703.854902
1551330704.413889     1551330704.867730
1551330705.428539     1551330705.881308
1551330706.442673     1551330706.894892
1551330707.455489     1551330707.908997
1551330708.468590     1551330708.923492
1551330709.483182     1551330709.940402
1551330710.502200     1551330710.967413
1551330711.523803     1551330711.979934
1551330712.548067     1551330712.992200
1551330713.561658     1551330714.4995
1551330714.575720     1551330715.19367
1551330715.589586     1551330716.32104
1551330716.604986     1551330717.44865
1551330717.617751     1551330718.57658
1551330718.633860     1551330719.72426
1551330719.666914     1551330720.85276
1551330720.681105     1551330721.104574
1551330721.693913     1551330722.117818
1551330722.708020     1551330723.130843
1551330723.723415     1551330724.144928
1551330724.738053     1551330725.157087
1551330725.751643     1551330726.169986
1551330726.765959     1551330727.182232
1551330727.779618     1551330728.196144
1551330728.792447     1551330729.208531
1551330729.806315     1551330730.222116
1551330730.819094     1551330731.235523
1551330731.832875     1551330732.252079
1551330732.848540     1551330733.266278
1551330733.862730     1551330734.278913
1551330734.878235     1551330735.292394
1551330735.891157     1551330736.307015
1551330736.903198     1551330737.320496
1551330737.916003     1551330738.334783
1551330738.934012     1551330739.346994
1551330739.965663     1551330740.359939
1551330740.978575     1551330741.378648
1551330741.993251     1551330742.391689
1551330743.6733     1551330743.404669
1551330744.19822     1551330744.418724
1551330745.34035     1551330745.432520
1551330746.46476     1551330746.446380
1551330747.62725     1551330747.459279
1551330748.77104     1551330748.474005
1551330749.89799     1551330749.487403
1551330750.104978     1551330750.500414
1551330751.118047     1551330751.514223
1551330752.132676     1551330752.526762
1551330753.146686     1551330753.540876
1551330754.159717     1551330754.554800
1551330755.172091     1551330755.567907
1551330756.186513     1551330756.582651
1551330757.200437     1551330757.601867
1551330758.214013     1551330758.616741
1551330759.227586     1551330759.645114
1551330760.257686     1551330760.659739
1551330761.271629     1551330761.673320
1551330762.286493     1551330762.691382
1551330763.298966     1551330763.703232
1551330764.311410     1551330764.717362
1551330765.324512     1551330765.730454
1551330766.337842     1551330766.752920
1551330767.359885     1551330767.766309
1551330768.373029     1551330768.780330
1551330769.391021     1551330769.793382
1551330770.404851     1551330770.807090
1551330771.418032     1551330771.820347
1551330772.431462     1551330772.835227
1551330773.443734     1551330773.849999
1551330774.456910     1551330774.863847
1551330775.470668     1551330775.878769
1551330776.485036     1551330776.893541
1551330777.512404     1551330777.906565
1551330778.526510     1551330778.919695
1551330779.540736     1551330779.934118
1551330780.554997     1551330780.948190
1551330781.568019     1551330781.961923
1551330782.580894     1551330782.973978
1551330783.598815     1551330784.5734
1551330784.612544     1551330785.19814
1551330785.631106     1551330786.31624
1551330786.644698     1551330787.44416
1551330787.659599     1551330788.56870
1551330788.692850     1551330789.72188
1551330789.706228     1551330790.85567
1551330790.720185     1551330791.116119
1551330791.735096     1551330792.129920
1551330792.748744     1551330793.142172
1551330793.761006     1551330794.155246
1551330794.773827     1551330795.167570
1551330795.785907     1551330796.196475
1551330796.799954     1551330797.209748
1551330797.814023     1551330798.227952
1551330798.826892     1551330799.240612
1551330799.839824     1551330800.255248
1551330800.852789     1551330801.276567
1551330801.865204     1551330802.290885
1551330802.889687     1551330803.304198
1551330803.904134     1551330804.318343
1551330804.918722     1551330805.331254
1551330805.932533     1551330806.353945
1551330806.947840     1551330807.368414
1551330807.960370     1551330808.383898
1551330808.974179     1551330809.395289
1551330809.987144     1551330810.408254
1551330810.999570     1551330811.436657
1551330812.13445     1551330812.451026
1551330813.26501     1551330813.465781
1551330814.40004     1551330814.479391
1551330815.51642     1551330815.493087
1551330816.64523     1551330816.508256
1551330817.77538     1551330817.522191
1551330818.90713     1551330818.535549
1551330819.104318     1551330819.547598
1551330820.116640     1551330820.560701
1551330821.132321     1551330821.577528
1551330822.166240     1551330822.591439
1551330823.182744     1551330823.603615
1551330824.195039     1551330824.618610
1551330825.208559     1551330825.633164
1551330826.223307     1551330826.664432
1551330827.236315     1551330827.678903
1551330828.267451     1551330828.692582
1551330829.280824     1551330829.706294
1551330830.293630     1551330830.719381
1551330831.308381     1551330831.733838
1551330832.327257     1551330832.747116
1551330833.341160     1551330833.760658
1551330834.353885     1551330834.773602
1551330835.368172     1551330835.788516
1551330836.380167     1551330836.801500
1551330837.393529     1551330837.815939
1551330838.406586     1551330838.828970
1551330839.418671     1551330839.843125
1551330840.431953     1551330840.855663
1551330841.443949     1551330841.868217
1551330842.458504     1551330842.881972
1551330843.471300     1551330843.894635
1551330844.487856     1551330844.908214
1551330845.504914     1551330845.922992
1551330846.518441     1551330846.941463
1551330847.534502     1551330847.956494
1551330848.547932     1551330848.971674
1551330849.561663     1551330849.985987
1551330850.576739     1551330850.999435
1551330851.589484     1551330852.12644
1551330852.604920     1551330853.28358
1551330853.618522     1551330854.42408
1551330854.632300     1551330855.55629
1551330855.646689     1551330856.68815
1551330856.659893     1551330857.81604
1551330857.675668     1551330858.96191
1551330858.687953     1551330859.108879
1551330859.705849     1551330860.120776
1551330860.719041     1551330861.134846
1551330861.731724     1551330862.153499
1551330862.744656     1551330863.167560
1551330863.758556     1551330864.183354
1551330864.782737     1551330865.196789
1551330865.796801     1551330866.211379
1551330866.811435     1551330867.223001
1551330867.833144     1551330868.236382
1551330868.845279     1551330869.250737
1551330869.858081     1551330870.265574
1551330870.871935     1551330871.277390
1551330871.891741     1551330872.291952
1551330872.906025     1551330873.304912
1551330873.920035     1551330874.318515
1551330874.933182     1551330875.331933
1551330875.947956     1551330876.345002
1551330876.960856     1551330877.358594
1551330877.972931     1551330878.371650
1551330879.8176     1551330879.383904
1551330880.21149     1551330880.397678
1551330881.34933     1551330881.413206
1551330882.48629     1551330882.426287
1551330883.62906     1551330883.440977
1551330884.76798     1551330884.452924
1551330885.90778     1551330885.466596
1551330886.114430     1551330886.478892
1551330887.137902     1551330887.492068
1551330888.151668     1551330888.506241
1551330889.165654     1551330889.518874
1551330890.179992     1551330890.531366
1551330891.196036     1551330891.545484
1551330892.224426     1551330892.557742
1551330893.237017     1551330893.571371
1551330894.250063     1551330894.585337
